1913	3
1914	20
1915	1
1916	1
1918	1
1919	3
1920	6
1921	2
1922	2
1923	4
1924	5
1925	5
1926	2
1927	4
1928	2
1929	5
1930	5
1931	3
1932	4
1933	7
1934	8
1935	11
1936	7
1937	4
1938	5
1939	6
1940	9
1941	7
1942	3
1943	7
1944	10
1945	9
1946	6
1947	9
1948	13
1949	9
1950	10
1951	33
1952	15
1953	17
1954	17
1955	14
1956	60
1957	98
1958	73
1959	87
1960	123
1961	119
1962	124
1963	88
1964	126
1965	104
1966	103
1967	279
1968	173
1969	124
1970	141
1971	131
1972	166
1973	168
1974	178
1975	134
1976	118
1977	136
1978	231
1979	140
1980	107
1981	112
1982	153
1983	270
1984	303
1985	334
1986	287
1987	280
1988	334
1989	421
1990	470
1991	364
1992	479
1993	564
1994	517
1995	592
1996	688
1997	788
1998	843
1999	1181
2000	902
2001	1173
2002	1117
2003	1399
2004	1381
2005	1937
2006	2416
2007	2892
2008	3358
2009	4451
2010	5107
2011	5511
2012	4339
2013	981
2014	1
